100
2.0826546429214687 0.45625087591045155
4.912117210073932 1.0935090653124249
2.6349936859489507 -0.46954600200587304
4.857715874976556 2.76128503385544
-0.26872279536632915 0.4043417656437307
4.615256033062378 3.589704537600559
-0.9523457321348643 1.0692856970054665
4.251873903670801 0.5619863151521529
0.6089824950465286 3.2643801096355833
2.17918099757199 -0.7028223352650234
1.104406030658497 2.4639267118006782
1.2985035120172936 1.9710961139261634
1.2070241816845755 -0.7016387339625199
-0.30124419628169874 2.6959566652478095
0.8142832028389859 3.4787231581052387
1.697272357546221 0.6430297602524102
1.9683313354245024 3.719096166794902
2.074482693685515 0.5007868035572014
2.9287190968533023 3.4938736554817984
0.7438937511201829 3.79190582902992
1.5317486141495653 -0.5632179018153346
-0.36925820275324317 1.9349800478780925
3.6453420830966943 0.6886802285829221
4.576198797732646 1.2693110114567219
0.8557100995630567 -0.6296830310396353
3.356626132396716 0.9983336123044171
0.6857460529867256 3.370001590141907
1.0605653283551773 2.1118623381904915
1.75056479032515 3.520268535907361
0.5815978719686892 2.3892205297557214
1.5013171700856214 2.206895396300347
4.497600766946404 1.9208176850067051
1.4682622091825066 2.771292490446914
4.038096531597051 2.8202386189014326
-0.5640822927648286 0.38338948905785175
1.9997568311659326 3.288945319432157
3.893812769712129 1.3391472820738954
-0.5760471257883291 0.8572710936022925
0.962005412403172 -0.8035891889602911
2.5148773099269137 -0.7911967796280652
2.563082819720345 3.961386305311665
0.6589121650738281 3.4671420414808507
4.06273775810762 0.08525918089494233
0.3645215681848024 -0.890997015943695
2.884188721041754 3.1900784372980926
0.8839629013137953 2.1033097457573193
4.71984832353337 1.7424794090905715
-0.2991787111020714 1.7637055102321435
2.4929010357314265 3.5415074208877027
4.040771465780704 3.6046797825450696
0.7708041265741905 0.5457387802139388
1.1640022466950803 1.2291866402222342
4.441993167237796 -0.25367368991025285
0.7630876377125646 2.283915967864774
1.2821689446846527 -0.14551393022156434
2.569788541409931 -0.016423068582117284
2.277502628847254 2.6829082633452686
4.139064540650414 0.8058825532076899
1.6483068243083316 1.4303801896957489
2.024855747282637 3.29553406900407
0.1296838209085116 2.246498913929454
-0.012591937497186123 -0.7667563418575126
0.7005142435432521 2.1688310762273115
2.58865210878993 -0.9514338457941443
0.2642368142949165 0.15855879927910466
4.106806729071851 0.01785058826107333
4.0292023008977 3.6903517166909907
4.947768138675375 -0.12031302258153265
3.9682592007096744 2.1566436200127606
4.320009630800747 2.551825539962196
0.6741859268895112 -0.042764167576538004
1.6392503739397997 -0.047648197515788526
-0.8676885384117374 2.787650572209013
3.6454875450546265 1.1836959035462469
2.4450856406456767 0.3309341053304631
2.474709506087844 -0.7172582431006344
2.0764963319674345 -0.1744463429622647
1.1158575711479166 1.8751018484982498
2.207469432049873 0.794344117388496
1.3763854365717174 -0.35978018397565725
-0.8387239469591881 2.2136614172364504
-0.882510262283851 3.419034021779166
-0.5857934519472863 1.4981854195964188
0.9163307654484203 2.8014308981967284
4.482115564351218 -0.427932398138561
4.360832284249552 1.263231035539354
2.95356083699106 0.9194386335553504
3.5289921330844916 -0.2774122512954976
2.235421120361151 -0.5297956411021406
2.080146607125664 -0.172088637589908
0.6733778063447666 3.1006904940719853
0.17726674276187482 2.375937929241535
0.2145672656997597 0.6846698152586403
4.3666279064958955 1.9765779125520075
-0.8453845306640702 -0.42912902395685537
3.4766250277942685 3.3478425785759267
0.11250204062895053 0.6119422133906842
-0.3794807507824878 2.7675944628643334
3.855088600123329 3.2433920515253396
100
1.981197795085861 3.8904321250870764
4.097567722142437 0.5281393768554477
4.417870098934001 1.1948887649686046
3.0785438338295785 2.7146906815671317
0.26308890434188714 2.3489508604200733
-0.6093663768266901 1.860920239812999
4.54681796644228 -0.9588804465841587
2.4639925136221885 -0.7091699444345534
3.229507202234256 0.8360805266072799
2.303917996765533 2.6251699736355443
3.9583387965641714 -0.0822073825633276
1.9847107909915964 0.7969252525421604
1.364085477010411 -0.44313930155137227
1.7116991126128465 2.073459229609283
0.9133308240530091 1.269425222486146
2.140385251599014 1.237541312000873
-0.16509397281714921 1.2394047806540405
-0.4578251620047542 0.37239000343041573
1.91113739440069 -0.43118845383849
0.674501181481638 1.7989901471665424
-0.7808837307967396 -0.5438079148960053
1.1623106832613352 2.5110048104045655
4.587605022458437 0.7422216501965719
-0.28190798335190204 1.1986100158460702
4.398744984574391 0.5349451112763881
1.6656950498134986 1.3361704459265176
4.930070102744237 2.4999059189701556
4.8386568677072885 1.5057357594701681
3.533289394486201 1.7073917012147355
1.0130831950508474 1.5163004820253922
3.9881368082743966 0.06593444690128791
2.587174123604874 1.1992390270900888
-0.7120892142961803 2.0979373140328756
4.937878358917104 1.6072628331684222
1.5628421247357736 0.3943024614420274
3.359458562794255 1.3677592852224407
1.4042360236293323 0.6523414700265846
1.902133667033783 -0.35737774057830496
0.4676014294439821 0.5666768340958117
3.543259831557571 0.7847473786724342
0.8909323202441786 2.1417032458092957
2.3945355189767557 -0.6447877747704909
3.670578848866299 1.2152972117075653
-0.5945829156123421 2.6857111497718917
4.800422717598572 1.7016990635116969
4.880066886329888 1.7667569686123743
3.5397455812598313 2.9939903732808317
4.666311012622931 1.1895518286741296
2.025764903136639 1.8550278142015837
2.838142932843705 -0.23107882977465932
4.423961729332984 2.2436093842511373
2.6043273852179727 0.07126646750097088
2.6367758217764425 1.207278337638857
4.844550299098789 1.3545830863981458
2.405782888037683 -0.25318833081216896
1.043492673410693 -0.19499782043367153
0.6308536352434448 -0.971463676719055
2.438393796769195 -0.8577412401277522
0.70175791102982 -0.14529773459161577
3.929437432563968 -0.8393777384583565
1.2853914717549975 0.9400944128961695
2.7512119288124683 2.4455350835715297
-0.22552094799294564 -0.156740303786866
0.4233402879866526 -0.5119778050969388
0.17044613142549925 -0.3787085580131482
-0.77909933126206 2.0154097608514085
1.8240156844798103 -0.11724542303725327
-0.4061856239120494 2.2795154374823956
2.031640585869302 2.6977153974479937
3.260631071048258 1.61036767658582
1.9197383220288202 1.544344964063935
3.1499870818207416 1.8853317268999086
-0.4481874355540272 -0.19455659179113605
0.21243900234785507 1.9713124159043134
2.8630733889571456 1.390406466726719
0.20484627384099485 -0.22043268561541973
-0.1005568963948047 1.2444638613767705
2.4466294024837865 0.5640429837494021
4.863495597035383 1.9201577025062058
3.922874675070367 2.529793150084551
1.6586030937122622 0.5094340333338598
4.502918561450986 0.9773295095696142
2.701659221776095 -0.20255096724060273
3.4490361114890904 -0.7418323351624725
4.368014099267863 0.9671315970826306
4.856315569169982 1.7520804453800811
2.0712256696215845 2.6607796018964804
1.300298233684352 2.1362610405830087
0.7756535669370916 -0.43278393770572654
2.387876797266287 1.2577938297660198
2.852867048892519 1.876500849048933
2.5883631296620297 1.507504872378473
1.7602614251698139 0.06824525380753421
2.726424491079009 -0.25617284829850995
3.7373204878401705 2.8097941138076346
2.5614625542851566 2.8014509005300803
-0.4762488970664043 1.7956830919785176
4.401147543626404 0.40516574798038585
2.8637794551523053 -0.47477973335830104
4.778626475815952 0.6083379817182384
0.7570258131334198 -0.35623541727896724


5
0 0
2 2
4 4
6 6
8 8
5
0 0
1 2
3 5
5 7
7 9

3
1 1
5 5
9 9
3
2 2
6 6
10 10

4
1 1
2 4
4 8
5 1
4
0 1
3 2
5 4
8 1

4
0 0 0
1 1 1
2 2 2
3 3 3
4
0 0 0
1 2 2
3 4 4
4 0 0

6
1 0
2 1
3 2
4 3
5 4
6 5
6
0 0
1 1
2 2
3 3
4 4
5 5

3
1 1 1
2 2 2
3 3 3
3
1 2 3
2 3 4
3 4 5

2
0 0
10 10
2
1 1
9 9

6
1 0
2 2
3 3
4 4
5 5
6 6
6
0 0
1 1
2 2
3 3
4 4
5 5

5
0 0
2 1
4 2
6 3
8 4
5
0 0
1 1
3 3
5 4
7 5

4
0 0 0
1 1 1
2 2 2
3 3 3
4
0 0 0
0.5 0.5 0.5
1 1 1
1.5 1.5 1.5

5
0 0
0.5 1
1 2
2 3
3 4
5
0 0
0.5 0.5
1 1
1.5 1.5
2 2
