2.0826546429214687 0.45625087591045155
4.912117210073932 1.0935090653124249
2.6349936859489507 -0.46954600200587304
4.857715874976556 2.76128503385544
-0.26872279536632915 0.4043417656437307
4.615256033062378 3.589704537600559
-0.9523457321348643 1.0692856970054665
4.251873903670801 0.5619863151521529
0.6089824950465286 3.2643801096355833
2.17918099757199 -0.7028223352650234
1.104406030658497 2.4639267118006782
1.2985035120172936 1.9710961139261634
1.2070241816845755 -0.7016387339625199
-0.30124419628169874 2.6959566652478095
0.8142832028389859 3.4787231581052387
1.697272357546221 0.6430297602524102
1.9683313354245024 3.719096166794902
2.074482693685515 0.5007868035572014
2.9287190968533023 3.4938736554817984
0.7438937511201829 3.79190582902992
1.5317486141495653 -0.5632179018153346
-0.36925820275324317 1.9349800478780925
3.6453420830966943 0.6886802285829221
4.576198797732646 1.2693110114567219
0.8557100995630567 -0.6296830310396353
3.356626132396716 0.9983336123044171
0.6857460529867256 3.370001590141907
1.0605653283551773 2.1118623381904915
1.75056479032515 3.520268535907361
0.5815978719686892 2.3892205297557214
1.5013171700856214 2.206895396300347
4.497600766946404 1.9208176850067051
1.4682622091825066 2.771292490446914
4.038096531597051 2.8202386189014326
-0.5640822927648286 0.38338948905785175
1.9997568311659326 3.288945319432157
3.893812769712129 1.3391472820738954
-0.5760471257883291 0.8572710936022925
0.962005412403172 -0.8035891889602911
2.5148773099269137 -0.7911967796280652
2.563082819720345 3.961386305311665
0.6589121650738281 3.4671420414808507
4.06273775810762 0.08525918089494233
0.3645215681848024 -0.890997015943695
2.884188721041754 3.1900784372980926
0.8839629013137953 2.1033097457573193
4.71984832353337 1.7424794090905715
-0.2991787111020714 1.7637055102321435
2.4929010357314265 3.5415074208877027
4.040771465780704 3.6046797825450696
0.7708041265741905 0.5457387802139388
1.1640022466950803 1.2291866402222342
4.441993167237796 -0.25367368991025285
0.7630876377125646 2.283915967864774
1.2821689446846527 -0.14551393022156434
2.569788541409931 -0.016423068582117284
2.277502628847254 2.6829082633452686
4.139064540650414 0.8058825532076899
1.6483068243083316 1.4303801896957489
2.024855747282637 3.29553406900407
0.1296838209085116 2.246498913929454
-0.012591937497186123 -0.7667563418575126
0.7005142435432521 2.1688310762273115
2.58865210878993 -0.9514338457941443
0.2642368142949165 0.15855879927910466
4.106806729071851 0.01785058826107333
4.0292023008977 3.6903517166909907
4.947768138675375 -0.12031302258153265
3.9682592007096744 2.1566436200127606
4.320009630800747 2.551825539962196
0.6741859268895112 -0.042764167576538004
1.6392503739397997 -0.047648197515788526
-0.8676885384117374 2.787650572209013
3.6454875450546265 1.1836959035462469
2.4450856406456767 0.3309341053304631
2.474709506087844 -0.7172582431006344
2.0764963319674345 -0.1744463429622647
1.1158575711479166 1.8751018484982498
2.207469432049873 0.794344117388496
1.3763854365717174 -0.35978018397565725
-0.8387239469591881 2.2136614172364504
-0.882510262283851 3.419034021779166
-0.5857934519472863 1.4981854195964188
0.9163307654484203 2.8014308981967284
4.482115564351218 -0.427932398138561
4.360832284249552 1.263231035539354
2.95356083699106 0.9194386335553504
3.5289921330844916 -0.2774122512954976
2.235421120361151 -0.5297956411021406
2.080146607125664 -0.172088637589908
0.6733778063447666 3.1006904940719853
0.17726674276187482 2.375937929241535
0.2145672656997597 0.6846698152586403
4.3666279064958955 1.9765779125520075
-0.8453845306640702 -0.42912902395685537
3.4766250277942685 3.3478425785759267
0.11250204062895053 0.6119422133906842
-0.3794807507824878 2.7675944628643334
3.855088600123329 3.2433920515253396
1.981197795085861 3.8904321250870764
