4.097567722142437 0.5281393768554477
4.417870098934001 1.1948887649686046
3.0785438338295785 2.7146906815671317
0.26308890434188714 2.3489508604200733
-0.6093663768266901 1.860920239812999
4.54681796644228 -0.9588804465841587
2.4639925136221885 -0.7091699444345534
3.229507202234256 0.8360805266072799
2.303917996765533 2.6251699736355443
3.9583387965641714 -0.0822073825633276
1.9847107909915964 0.7969252525421604
1.364085477010411 -0.44313930155137227
1.7116991126128465 2.073459229609283
0.9133308240530091 1.269425222486146
2.140385251599014 1.237541312000873
-0.16509397281714921 1.2394047806540405
-0.4578251620047542 0.37239000343041573
1.91113739440069 -0.43118845383849
0.674501181481638 1.7989901471665424
-0.7808837307967396 -0.5438079148960053
1.1623106832613352 2.5110048104045655
4.587605022458437 0.7422216501965719
-0.28190798335190204 1.1986100158460702
4.398744984574391 0.5349451112763881
1.6656950498134986 1.3361704459265176
4.930070102744237 2.4999059189701556
4.8386568677072885 1.5057357594701681
3.533289394486201 1.7073917012147355
1.0130831950508474 1.5163004820253922
3.9881368082743966 0.06593444690128791
2.587174123604874 1.1992390270900888
-0.7120892142961803 2.0979373140328756
4.937878358917104 1.6072628331684222
1.5628421247357736 0.3943024614420274
3.359458562794255 1.3677592852224407
1.4042360236293323 0.6523414700265846
1.902133667033783 -0.35737774057830496
0.4676014294439821 0.5666768340958117
3.543259831557571 0.7847473786724342
0.8909323202441786 2.1417032458092957
2.3945355189767557 -0.6447877747704909
3.670578848866299 1.2152972117075653
-0.5945829156123421 2.6857111497718917
4.800422717598572 1.7016990635116969
4.880066886329888 1.7667569686123743
3.5397455812598313 2.9939903732808317
4.666311012622931 1.1895518286741296
2.025764903136639 1.8550278142015837
2.838142932843705 -0.23107882977465932
4.423961729332984 2.2436093842511373
2.6043273852179727 0.07126646750097088
2.6367758217764425 1.207278337638857
4.844550299098789 1.3545830863981458
2.405782888037683 -0.25318833081216896
1.043492673410693 -0.19499782043367153
0.6308536352434448 -0.971463676719055
2.438393796769195 -0.8577412401277522
0.70175791102982 -0.14529773459161577
3.929437432563968 -0.8393777384583565
1.2853914717549975 0.9400944128961695
2.7512119288124683 2.4455350835715297
-0.22552094799294564 -0.156740303786866
0.4233402879866526 -0.5119778050969388
0.17044613142549925 -0.3787085580131482
-0.77909933126206 2.0154097608514085
1.8240156844798103 -0.11724542303725327
-0.4061856239120494 2.2795154374823956
2.031640585869302 2.6977153974479937
3.260631071048258 1.61036767658582
1.9197383220288202 1.544344964063935
3.1499870818207416 1.8853317268999086
-0.4481874355540272 -0.19455659179113605
0.21243900234785507 1.9713124159043134
2.8630733889571456 1.390406466726719
0.20484627384099485 -0.22043268561541973
-0.1005568963948047 1.2444638613767705
2.4466294024837865 0.5640429837494021
4.863495597035383 1.9201577025062058
3.922874675070367 2.529793150084551
1.6586030937122622 0.5094340333338598
4.502918561450986 0.9773295095696142
2.701659221776095 -0.20255096724060273
3.4490361114890904 -0.7418323351624725
4.368014099267863 0.9671315970826306
4.856315569169982 1.7520804453800811
2.0712256696215845 2.6607796018964804
1.300298233684352 2.1362610405830087
0.7756535669370916 -0.43278393770572654
2.387876797266287 1.2577938297660198
2.852867048892519 1.876500849048933
2.5883631296620297 1.507504872378473
1.7602614251698139 0.06824525380753421
2.726424491079009 -0.25617284829850995
3.7373204878401705 2.8097941138076346
2.5614625542851566 2.8014509005300803
-0.4762488970664043 1.7956830919785176
4.401147543626404 0.40516574798038585
2.8637794551523053 -0.47477973335830104
4.778626475815952 0.6083379817182384
0.7570258131334198 -0.35623541727896724
